8000/3	1.0
9562	1.0
8895/6	1.0
8840/6	1.0
9365/6	1.0
8102/6	1.0
8162/6	1.0
8935/1	1.0
8001/6	1.0
8040/1	1.0
9061/6	1.0
9072/6	1.0
8000/6	1.0
9555	1.0
8010/3	1.0
8010/9	1.0
8231/3	1.0
8934/3	1.0
8337/3	1.0
9081/3	1.0
8140/3	1.0
8980/3	1.0
9100/3	1.0
8230/3	1.0
2320	1.0
2316	1.0
52036	1.0
238	1.0
2340	1.0
23968	1.0
2330	1.0
2367	1.0
3389	1.0
26239	1.0
8040/0	1.0
8361/0	1.0
8895/0	1.0
9090/0	1.0
9365/3	1.0
8580/1	1.0
8824/0	1.0
8895/3	1.0
8102/3	1.0
9203	1.0
38813	1.0
9205	1.0
14330	1.0
29073	1.0
33193	1.0
56754	1.0
56715	1.0
1325	1.0
9206	1.0
8720/2	1.0
8721/3	1.0
8324/0	1.0
8712/0	1.0
8870/0	1.0
9175/0	1.0
8271/0	1.0
8561/0	1.0
8730/3	1.0
8714	1.0
8742/2	1.0
9020/3	1.0
9310/3	1.0
8011/3	1.0
8151/3	1.0
8153/3	1.0
8780/3	1.0
9090/3	1.0
9230/3	1.0
9380/3	1.0
8231/6	1.0
8051/3	1.0
8010/2	1.0
8050/3	1.0
8214/3	1.0
8441/3	1.0
2335	1.0
57577	1.0
38036	1.0
2334	1.0
31590	1.0
52966	1.0
2338	1.0
6489	1.0
8152/3	1.0
8630/3	1.0
8155/3	1.0
8070/3	1.0
8074/3	1.0
8430/3	1.0
8015/3	1.0
8430/6	1.0
8640/3	1.0
8012/3	1.0
8031/3	1.0
8034/3	1.0
31588	1.0
31591	1.0
31583	1.0
31594	1.0
2337	1.0
23573	1.0
52531	1.0
2359	1.0
8000/0	1.0
9362/3	1.0
8960/3	1.0
9500/3	1.0
9560/1	1.0
9570/0	1.0
9503/3	1.0
9731/3	1.0
8103/0	1.0
9507/0	1.0
8711/0	1.0
8090/1	1.0
8162/3	1.0
8972/3	1.0
8311/1	1.0
8000/1	1.0
8160/3	1.0
8300/3	1.0
8042/3	1.0
9930/3	1.0
9071/3	1.0
8520/3	1.0
8147/3	1.0
8333/3	1.0
23161	1.0
53057	1.0
2148	1.0
55206	1.0
8711/3	1.0
8157/3	1.0
8820/0	1.0
8971/3	1.0
8970/3	1.0
9073/1	1.0
8630/1	1.0
9200/0	1.0
1884	1.0
5236	1.0
7855	1.0
10229	1.0
10579	1.0
22433	1.0
53654	1.0
14176	1.0
14286	1.0
9370/3	1.0
9373/0	1.0
9444/1	1.0
8862/0	1.0
8409/0	1.0
9220/0	1.0
9210/0	1.0
9371/3	1.0
8248/1	1.0
20179	1.0
8610/0	1.0
9180/0	1.0
9141/0	1.0
8403/0	1.0
8403/3	1.0
9560/0	1.0
9562/0	1.0
9121/0	1.0
8892/0	1.0
9950/3	1.0
27458	1.0
33062	1.0
9635	1.0
4555	1.0
2555	1.0
8386	1.0
9634	1.0
26314	1.0
56399	1.0
4517	1.0
1968	1.0
37092	1.0
13191	1.0
15027	1.0
24331	1.0
8352	1.0
22589	1.0
8147	1.0
12636	1.0
30020	1.0
722	1.0
5008	1.0
30853	1.0
55066	1.0
8270/3	1.0
8401/0	1.0
8413/3	1.0
8270/0	1.0
9350/1	1.0
2644	1.0
23155	1.0
23964	1.0
2133	1.0
9114	1.0
12823	1.0
13618	1.0
55078	1.0
895	1.0
2203	1.0
9510/0	1.0
8600/0	1.0
9180/3	1.0
8102/0	1.0
8325/0	1.0
8601/0	1.0
8800/3	1.0
8804/3	1.0
13955	1.0
36466	1.0
54411	1.0
3386	1.0
14864	1.0
1157	1.0
1294	1.0
1924	1.0
13057	1.0
35147	1.0
2525	1.0
32592	1.0
22409	1.0
52076	1.0
8823/0	1.0
9062/3	1.0
8960/1	1.0
9361/1	1.0
8141/3	1.0
9622	1.0
22283	1.0
30741	1.0
35661	1.0
51880	1.0
756	1.0
974	1.0
8745/3	1.0
9750/3	1.0
14995	1.0
9559	1.0
29575	1.0
8314/3	1.0
8020/3	1.0
8022/3	1.0
8082/3	1.0
8576/3	1.0
9070/3	1.0
8380/3	1.0
31595	1.0
2329	1.0
2331	1.0
31589	1.0
31596	1.0
2327	1.0
2319	1.0
8933/3	1.0
8262/3	1.0
8410/3	1.0
8211/3	1.0
8401/3	1.0
8440/3	1.0
9800/3	1.0
9801/3	1.0
9820/3	1.0
9860/3	1.0
9742/3	1.0
9733/3	1.0
9072/3	1.0
9870/3	1.0
23872	1.0
8320/3	1.0
8344/3	1.0
8170/3	1.0
8312/3	1.0
8510/3	1.0
31855	1.0
31593	1.0
8408/3	1.0
8420/3	1.0
9221/0	1.0
9520	1.0
79	1.0
23399	1.0
1950	1.0
2883	1.0
51807	1.0
2521	1.0
3009	1.0
5963	1.0
30323	1.0
22570	1.0
9896/3	1.0
9861/3	1.0
9863/3	1.0
9840/3	1.0
9876/3	1.0
9875/3	1.0
9873/3	1.0
24404	1.0
23731	1.0
23878	1.0
56285	1.0
23725	1.0
35260	1.0
11726	1.0
23723	1.0
23735	1.0
9174/0	1.0
9442/1	1.0
9170/0	1.0
8880/0	1.0
9064/3	1.0
8398	1.0
9360/1	1.0
8982/0	1.0
9732/3	1.0
9406	1.0
8445	1.0
31289	1.0
9425	1.0
11304	1.0
6878	1.0
50456	1.0
701	1.0
4729	1.0
9661/3	1.0
9590/3	1.0
8200/0	1.0
8720/3	1.0
51835	1.0
22497	1.0
8379	1.0
8382	1.0
38378	1.0
53686	1.0
8414	1.0
12805	1.0
25347	1.0
29265	1.0
8600/3	1.0
8580/3	1.0
9530/3	1.0
9050/3	1.0
9110/3	1.0
9560/3	1.0
407	1.0
15037	1.0
29792	1.0
6398	1.0
8812	1.0
8475	1.0
412	1.0
455	1.0
692	1.0
6970	1.0
22157	1.0
9832/3	1.0
9891/3	1.0
9537/0	1.0
8891/0	1.0
8120/2	1.0
9322/0	1.0
9539/1	1.0
8280/3	1.0
9043/3	1.0
8077/2	1.0
8490/6	1.0
8148/2	1.0
9531/0	1.0
7358	1.0
7413	1.0
10592	1.0
13602	1.0
31767	1.0
33142	1.0
33591	1.0
37321	1.0
56109	1.0
56696	1.0
29392	1.0
56740	1.0
9724	1.0
10591	1.0
24908	1.0
26537	1.0
30842	1.0
8894/0	1.0
8932/0	1.0
9131/0	1.0
9100/1	1.0
36629	1.0
51364	1.0
4556	1.0
811	1.0
36793	1.0
53932	1.0
175	1.0
8830	1.0
31311	1.0
50469	1.0
22890	1.0
3267	1.0
8478	1.0
22246	1.0
31266	1.0
51614	1.0
27840	1.0
9050/0	1.0
8255/1	1.0
9055/1	1.0
9501/3	1.0
31879	1.0
8825	1.0
8832	1.0
12987	1.0
54209	1.0
4808	1.0
8814	1.0
8501/3	1.0
31011	1.0
35288	1.0
26658	1.0
37779	1.0
6550	1.0
6651	1.0
6692	1.0
6693	1.0
8010/6	1.0
8095/3	1.0
8140/6	1.0
8070/6	1.0
8575/3	1.0
8586/3	1.0
9381/3	1.0
34443	1.0
5046	1.0
7843	1.0
54186	1.0
6410	1.0
54210	1.0
3816	1.0
9958	1.0
34058	1.0
51362	1.0
8647	1.0
11914	1.0
7577	1.0
8898/1	1.0
8156/1	1.0
8854	1.0
5045	1.0
169	1.0
8581	1.0
8601	1.0
8855	1.0
28569	1.0
1645	1.0
4080	1.0
9833/3	1.0
9834/3	1.0
9837/3	1.0
9867/3	1.0
52571	1.0
9874/3	1.0
8896/3	1.0
23734	1.0
8132	1.0
37656	1.0
51020	1.0
8854/0	1.0
8151/0	1.0
8156/3	1.0
5691	1.0
31324	1.0
29439	1.0
8376	1.0
2762	1.0
56398	1.0
57528	1.0
19205	1.0
24877	1.0
9186/3	1.0
8840/3	1.0
9192/3	1.0
9193/3	1.0
9442/3	1.0
8894/3	1.0
9120/3	1.0
24403	1.0
10207	1.0
31673	1.0
9409	1.0
10196	1.0
12888	1.0
2863	1.0
24821	1.0
31224	1.0
8070	1.0
8900/3	1.0
8902/3	1.0
8910/3	1.0
8920/3	1.0
8812/3	1.0
8890/3	1.0
8811/3	1.0
12619	1.0
31073	1.0
31072	1.0
1281	1.0
10151	1.0
19557	1.0
28487	1.0
29433	1.0
36329	1.0
53699	1.0
9510/3	1.0
9513/3	1.0
8974/1	1.0
9430/3	1.0
8632/1	1.0
9161/1	1.0
12591	1.0
32581	1.0
12424	1.0
30641	1.0
9150/3	1.0
9674	1.0
9581	1.0
30896	1.0
25992	1.0
9852	1.0
8244/3	1.0
8850/1	1.0
8587/0	1.0
8290/0	1.0
8240/3	1.0
9473/3	1.0
3079	1.0
48	1.0
3554	1.0
7903	1.0
14954	1.0
28261	1.0
3580	1.0
31736	1.0
31741	1.0
3099	1.0
53376	1.0
2297	1.0
2299	1.0
13906	1.0
23193	1.0
33782	1.0
34212	1.0
55170	1.0
8245/1	1.0
35814	1.0
1972	1.0
29334	1.0
2648	1.0
3069	1.0
5246	1.0
27979	1.0
36635	1.0
54547	1.0
8140/0	1.0
8212/0	1.0
8140/1	1.0
8410/0	1.0
244	1.0
9390/3	1.0
8201/3	1.0
8480/3	1.0
29	1.0
30253	1.0
31806	1.0
8700/3	1.0
8936/3	1.0
8083	1.0
29767	1.0
2878	1.0
2944	1.0
11457	1.0
30880	1.0
54551	1.0
14715	1.0
51675	1.0
3476	1.0
9671/3	1.0
29936	1.0
6378	1.0
33307	1.0
8469	1.0
14871	1.0
482	1.0
536	1.0
5848	1.0
6366	1.0
8520/2	1.0
8521/3	1.0
8050/2	1.0
8070/2	1.0
8201/2	1.0
55556	1.0
56358	1.0
8460/3	1.0
8021/3	1.0
8083/3	1.0
8450/3	1.0
8935/3	1.0
8470/3	1.0
8471/3	1.0
31529	1.0
3555	1.0
31527	1.0
31528	1.0
31682	1.0
53564	1.0
2423	1.0
8086	1.0
31599	1.0
9835/3	1.0
9910/3	1.0
9836/3	1.0
24408	1.0
764	1.0
769	1.0
23733	1.0
28166	1.0
52245	1.0
52572	1.0
23710	1.0
23736	1.0
9410/3	1.0
9421/1	1.0
8682/1	1.0
9521/3	1.0
9523/3	1.0
8940/0	1.0
8681/1	1.0
11961	1.0
12899	1.0
11385	1.0
11860	1.0
11949	1.0
29891	1.0
34510	1.0
55836	1.0
52863	1.0
1185	1.0
9945/3	1.0
9866/3	1.0
9946/3	1.0
8321/0	1.0
8323/0	1.0
9085/3	1.0
8722/3	1.0
8801/3	1.0
9538/1	1.0
8001/0	1.0
8001/3	1.0
8120/3	1.0
8241/3	1.0
5994	1.0
15088	1.0
5582	1.0
52991	1.0
57817	1.0
5996	1.0
50373	1.0
52989	1.0
14818	1.0
6001	1.0
31568	1.0
53489	1.0
2326	1.0
2855	1.0
9080/1	1.0
9080/0	1.0
14102	1.0
12883	1.0
52161	1.0
7788	1.0
8730/0	1.0
8720/0	1.0
8725/0	1.0
9040/0	1.0
9084/0	1.0
9702/3	1.0
33191	1.0
6360	1.0
7242	1.0
5087	1.0
6038	1.0
10581	1.0
28189	1.0
36741	1.0
37118	1.0
8311	1.0
9383/1	1.0
8081/2	1.0
8580/0	1.0
4796	1.0
4885	1.0
34934	1.0
22655	1.0
4787	1.0
4809	1.0
28921	1.0
32929	1.0
32988	1.0
31733	1.0
9060/3	1.0
8420/0	1.0
8153/1	1.0
9191/0	1.0
8440/0	1.0
8746/3	1.0
9091/1	1.0
5059	1.0
5055	1.0
13730	1.0
38791	1.0
5060	1.0
31807	1.0
3922	1.0
5054	1.0
33805	1.0
5124	1.0
9490/0	1.0
9080/3	1.0
8904/0	1.0
8123/3	1.0
34660	1.0
419	1.0
529	1.0
9067	1.0
36814	1.0
36947	1.0
51801	1.0
453	1.0
489	1.0
1164	1.0
8261/0	1.0
8480/0	1.0
9010/0	1.0
9013/0	1.0
54888	1.0
31678	1.0
31701	1.0
20	1.0
31524	1.0
31674	1.0
31675	1.0
326	1.0
31679	1.0
31582	1.0
9490/3	1.0
9504/3	1.0
9640	1.0
8727/0	1.0
8850/0	1.0
36739	1.0
8165	1.0
8230	1.0
13399	1.0
13842	1.0
3912	1.0
8011	1.0
8225	1.0
13027	1.0
13205	1.0
6580	1.0
13224	1.0
27799	1.0
8032/3	1.0
8175/3	1.0
8173/3	1.0
8052/3	1.0
8075/3	1.0
57551	1.0
31587	1.0
8147/0	1.0
8171/3	1.0
2323	1.0
8084/3	1.0
8323/3	1.0
3071	1.0
9014/0	1.0
8590/1	1.0
8901/3	1.0
9110/1	1.0
8382/3	1.0
9014/3	1.0
28611	1.0
28607	1.0
28613	1.0
11796	1.0
37701	1.0
51350	1.0
53205	1.0
5907	1.0
69	1.0
31683	1.0
32324	1.0
38845	1.0
2484	1.0
28034	1.0
9311/0	1.0
33683	1.0
31313	1.0
23230	1.0
36272	1.0
52913	1.0
27721	1.0
243	1.0
2765	1.0
9639	1.0
8522/3	1.0
8507/2	1.0
8140/2	1.0
8503/2	1.0
8221/3	1.0
8154/3	1.0
31805	1.0
813	1.0
6542	1.0
6544	1.0
8381	1.0
31422	1.0
9429	1.0
31439	1.0
9120/0	1.0
9122/0	1.0
9123/0	1.0
8713/0	1.0
8100/0	1.0
8101/0	1.0
8514/3	1.0
32426	1.0
34981	1.0
11455	1.0
26010	1.0
6385	1.0
14810	1.0
8530/3	1.0
8504/3	1.0
8145/3	1.0
2271	1.0
9963/3	1.0
23883	1.0
8146	1.0
38495	1.0
8108	1.0
23875	1.0
23876	1.0
9506/1	1.0
5143	1.0
11400	1.0
10080	1.0
33270	1.0
8245/3	1.0
35672	1.0
35852	1.0
36715	1.0
22125	1.0
35774	1.0
35974	1.0
36807	1.0
3482	1.0
8306	1.0
2468	1.0
9173/0	1.0
32953	1.0
50750	1.0
6079	1.0
28153	1.0
55203	1.0
8069	1.0
8046/3	1.0
8041/3	1.0
8043/3	1.0
8044/3	1.0
8073/3	1.0
31722	1.0
53059	1.0
8250/1	1.0
8973/3	1.0
8990/1	1.0
8772/0	1.0
8990/3	1.0
8052/0	1.0
12087	1.0
53085	1.0
8346	1.0
8348	1.0
12091	1.0
12093	1.0
28016	1.0
53060	1.0
22720	1.0
9400/3	1.0
9740/1	1.0
9420/3	1.0
8404/0	1.0
9401/3	1.0
8831/0	1.0
1262	1.0
8246/3	1.0
8200/3	1.0
9364/3	1.0
8360/1	1.0
8805/3	1.0
8247/3	1.0
10371	1.0
19622	1.0
51155	1.0
31255	1.0
38353	1.0
10372	1.0
10376	1.0
52992	1.0
10377	1.0
8728/1	1.0
9272/0	1.0
6567	1.0
2603	1.0
2626	1.0
2906	1.0
3002	1.0
4305	1.0
7748	1.0
13267	1.0
8076/3	1.0
8481/3	1.0
35312	1.0
8723/0	1.0
9550/0	1.0
4442	1.0
38589	1.0
4335	1.0
33317	1.0
30990	1.0
35891	1.0
532	1.0
9282	1.0
23707	1.0
10041	1.0
15006	1.0
24954	1.0
57252	1.0
7751	1.0
14922	1.0
8800/9	1.0
8850/3	1.0
8251/3	1.0
8503/0	1.0
8319/3	1.0
9734/3	1.0
8825/0	1.0
19265	1.0
3597	1.0
29527	1.0
37332	1.0
50602	1.0
50603	1.0
25058	1.0
3738	1.0
5773	1.0
9750	1.0
14915	1.0
13509	1.0
8726/0	1.0
8857/0	1.0
8211/0	1.0
53903	1.0
35870	1.0
36594	1.0
14342	1.0
5633	1.0
34117	1.0
37849	1.0
2715	1.0
15247	1.0
9577	1.0
8144/3	1.0
8290/3	1.0
8170/0	1.0
9709/3	1.0
8834/1	1.0
9940/3	1.0
8670/0	1.0
11384	1.0
13259	1.0
31275	1.0
9553	1.0
38426	1.0
4926	1.0
2565	1.0
5622	1.0
8335/3	1.0
8476	1.0
8124/3	1.0
8330/3	1.0
23961	1.0
22148	1.0
31816	1.0
22105	1.0
31586	1.0
8813/0	1.0
8840/0	1.0
9982/3	1.0
8589/3	1.0
5309	1.0
9453	1.0
41	1.0
1205	1.0
1208	1.0
1215	1.0
1257	1.0
1380	1.0
57813	1.0
28860	1.0
57618	1.0
9714/3	1.0
8981/3	1.0
8052/2	1.0
8110/3	1.0
214	1.0
8443/0	1.0
8430/1	1.0
8280/0	1.0
3478	1.0
56664	1.0
34523	1.0
35005	1.0
55762	1.0
4464	1.0
4466	1.0
150	1.0
13981	1.0
33559	1.0
9391/3	1.0
9392/3	1.0
9393/3	1.0
4886	1.0
9691	1.0
31251	1.0
31260	1.0
9647	1.0
22580	1.0
863	1.0
8530	1.0
8537	1.0
8711	1.0
8712	1.0
8716	1.0
8872	1.0
9040/3	1.0
9061/3	1.0
9530/0	1.0
8821/1	1.0
12207	1.0
51251	1.0
57697	1.0
592	1.0
7278	1.0
9390	1.0
2746	1.0
8650	1.0
31812	1.0
3313	1.0
9897/3	1.0
3159	1.0
3006	1.0
29333	1.0
34937	1.0
35667	1.0
2138	1.0
2195	1.0
3433	1.0
4528	1.0
2307	1.0
3187	1.0
3585	1.0
52055	1.0
9440/3	1.0
8881/0	1.0
9472/3	1.0
9719/3	1.0
31846	1.0
9160/0	1.0
9871/3	1.0
5820	1.0
6290	1.0
12783	1.0
37091	1.0
1995	1.0
34736	1.0
5854	1.0
6053	1.0
13211	1.0
15446	1.0
11889	1.0
22207	1.0
23656	1.0
37265	1.0
23728	1.0
23738	1.0
52569	1.0
9662/3	1.0
9755/3	1.0
8098/3	1.0
9751/1	1.0
30715	1.0
5794	1.0
25274	1.0
38542	1.0
50011	1.0
3269	1.0
5398	1.0
6745	1.0
7872	1.0
19553	1.0
51376	1.0
6890	1.0
9503	1.0
38904	1.0
50325	1.0
56790	1.0
57580	1.0
57536	1.0
9132/0	1.0
32332	1.0
11104	1.0
25502	1.0
12513	1.0
33566	1.0
33881	1.0
7349	1.0
35664	1.0
5872	1.0
11376	1.0
9372/3	1.0
9243/3	1.0
8858/3	1.0
8851/3	1.0
9512/3	1.0
9082/3	1.0
9511/3	1.0
8331/3	1.0
2489	1.0
3262	1.0
37644	1.0
52892	1.0
3965	1.0
26222	1.0
15165	1.0
38898	1.0
52893	1.0
1376	1.0
1958	1.0
8080/2	1.0
8630/0	1.0
10378	1.0
10724	1.0
32119	1.0
11401	1.0
8408/0	1.0
8341/3	1.0
9352/1	1.0
9538/3	1.0
8260/3	1.0
2229	1.0
2227	1.0
9486	1.0
33104	1.0
57576	1.0
2228	1.0
10171	1.0
33411	1.0
51	1.0
8150/3	1.0
8550/0	1.0
8310/0	1.0
8550/1	1.0
8550/3	1.0
8490/3	1.0
8551/3	1.0
14115	1.0
885	1.0
11426	1.0
2339	1.0
200	1.0
8574/3	1.0
8384/3	1.0
31803	1.0
239	1.0
57534	1.0
53358	1.0
54691	1.0
23108	1.0
32725	1.0
50278	1.0
52851	1.0
3567	1.0
32970	1.0
8287	1.0
13662	1.0
9130/3	1.0
10345	1.0
13097	1.0
3349	1.0
5097	1.0
13344	1.0
21051	1.0
23476	1.0
57610	1.0
9016/0	1.0
9650/3	1.0
9110/0	1.0
38443	1.0
5595	1.0
32808	1.0
51206	1.0
5584	1.0
52333	1.0
57818	1.0
11619	1.0
37616	1.0
8504/2	1.0
8541/3	1.0
8453/3	1.0
8453/2	1.0
8013/3	1.0
8512/3	1.0
8523/3	1.0
2699	1.0
201	1.0
8390/0	1.0
10387	1.0
1071	1.0
1964	1.0
9085	1.0
9550	1.0
10367	1.0
32117	1.0
33281	1.0
980	1.0
4854	1.0
30536	1.0
34504	1.0
8325	1.0
30532	1.0
30533	1.0
30534	1.0
30535	1.0
34505	1.0
34685	1.0
57844	1.0
36888	1.0
53866	1.0
35670	1.0
1965	1.0
9140	1.0
36694	1.0
3179	1.0
9678/3	1.0
8750/0	1.0
8581/1	1.0
14717	1.0
57754	1.0
9261	1.0
56730	1.0
57558	1.0
641	1.0
9204	1.0
30126	1.0
5915	1.0
2245	1.0
1911	1.0
4307	1.0
51846	1.0
9281/0	1.0
8811/0	1.0
8700/0	1.0
8852/0	1.0
2924	1.0
15358	1.0
15397	1.0
181	1.0
32171	1.0
23206	1.0
8437	1.0
9049	1.0
9053	1.0
32316	1.0
37475	1.0
29881	1.0
53179	1.0
9741/3	1.0
421	1.0
31342	1.0
467	1.0
2114	1.0
8487	1.0
33217	1.0
51707	1.0
9094	1.0
8810/3	1.0
12887	1.0
12890	1.0
52942	1.0
27366	1.0
55188	1.0
8254	1.0
12889	1.0
